radius latitude longitude sensitivity
6370999.0 0.0 180.0 0.0
6370999.0 -17.0 -153.0 0.0
6172888.0 -8.0 -153.0 0.0
6105423.0 0.0 -153.0 0.0
6172888.0 8.0 -153.0 0.0
6370999.0 17.0 -153.0 0.0
6370999.0 -25.0 -162.0 0.0
6037204.0 -18.0 -162.0 0.0
5827757.0 -9.0 -162.0 0.0
5756248.0 0.0 -162.0 0.0
5827757.0 9.0 -162.0 0.0
6037204.0 18.0 -162.0 0.0
6370999.0 25.0 -162.0 0.0
6172888.0 -26.0 -171.0 0.0
5827757.0 -18.0 -171.0 0.0
5610496.0 -9.0 -171.0 0.0
5536182.0 0.0 -171.0 0.0
5610496.0 9.0 -171.0 0.0
5827757.0 18.0 -171.0 0.0
6172888.0 26.0 -171.0 0.0
6105423.0 -27.0 180.0 0.0
5756248.0 -18.0 180.0 0.0
5536182.0 -9.0 180.0 0.0
5460856.0 0.0 180.0 0.0
5536182.0 9.0 180.0 0.0
5756248.0 18.0 180.0 0.0
6105423.0 27.0 180.0 0.0
6172888.0 -26.0 171.0 0.0
5827757.0 -18.0 171.0 0.0
5610496.0 -9.0 171.0 0.0
5536182.0 0.0 171.0 0.0
5610496.0 9.0 171.0 0.0
5827757.0 18.0 171.0 0.0
6172888.0 26.0 171.0 0.0
6370999.0 -25.0 162.0 0.0
6037204.0 -18.0 162.0 0.0
5827757.0 -9.0 162.0 0.0
5756248.0 0.0 162.0 0.0
5827757.0 9.0 162.0 0.0
6037204.0 18.0 162.0 0.0
6370999.0 25.0 162.0 0.0
6370999.0 -17.0 153.0 0.0
6172888.0 -8.0 153.0 0.0
6105423.0 0.0 153.0 0.0
6172888.0 8.0 153.0 0.0
6370999.0 17.0 153.0 0.0
6105423.0 -17.0 -141.0 0.0
5898399.0 -9.0 -141.0 0.0
5827757.0 0.0 -141.0 0.0
5898399.0 9.0 -141.0 0.0
6105423.0 17.0 -141.0 0.0
5968205.0 -27.0 -149.0 0.0
5610497.0 -19.0 -149.0 0.0
5384477.0 -10.0 -149.0 0.0
5306998.0 0.0 -149.0 0.0
5384477.0 10.0 -149.0 0.0
5610497.0 19.0 -149.0 0.0
5968205.0 27.0 -149.0 0.0
6105423.0 -37.0 -158.0 0.0
5610497.0 -29.0 -158.0 0.0
5228372.0 -20.0 -158.0 0.0
4985057.0 -11.0 -158.0 0.0
4901268.0 0.0 -158.0 0.0
4985057.0 11.0 -158.0 0.0
5228372.0 20.0 -158.0 0.0
5610497.0 29.0 -158.0 0.0
6105423.0 37.0 -158.0 0.0
5898399.0 -38.0 -169.0 0.0
5384477.0 -30.0 -169.0 0.0
4985057.0 -21.0 -169.0 0.0
4729240.0 -11.0 -169.0 0.0
4640835.0 0.0 -169.0 0.0
4729240.0 11.0 -169.0 0.0
4985057.0 21.0 -169.0 0.0
5384477.0 30.0 -169.0 0.0
5898399.0 38.0 -169.0 0.0
5827757.0 -39.0 180.0 0.0
5306998.0 -31.0 180.0 0.0
4901268.0 -22.0 180.0 0.0
4640835.0 -11.0 180.0 0.0
4550713.0 0.0 180.0 0.0
4640835.0 11.0 180.0 0.0
4901268.0 22.0 180.0 0.0
5306998.0 31.0 180.0 0.0
5827757.0 39.0 180.0 0.0
5898399.0 -38.0 169.0 0.0
5384477.0 -30.0 169.0 0.0
4985057.0 -21.0 169.0 0.0
4729240.0 -11.0 169.0 0.0
4640835.0 0.0 169.0 0.0
4729240.0 11.0 169.0 0.0
4985057.0 21.0 169.0 0.0
5384477.0 30.0 169.0 0.0
5898399.0 38.0 169.0 0.0
6105423.0 -37.0 158.0 0.0
5610497.0 -29.0 158.0 0.0
5228372.0 -20.0 158.0 0.0
4985057.0 -11.0 158.0 0.0
4901268.0 0.0 158.0 0.0
4985057.0 11.0 158.0 0.0
5228372.0 20.0 158.0 0.0
5610497.0 29.0 158.0 0.0
6105423.0 37.0 158.0 0.0
5968205.0 -27.0 149.0 0.0
5610497.0 -19.0 149.0 0.0
5384477.0 -10.0 149.0 0.0
5306998.0 0.0 149.0 0.0
5384477.0 10.0 149.0 0.0
5610497.0 19.0 149.0 0.0
5968205.0 27.0 149.0 0.0
6105423.0 -17.0 141.0 0.0
5898399.0 -9.0 141.0 0.0
5827757.0 0.0 141.0 0.0
5898399.0 9.0 141.0 0.0
6105423.0 17.0 141.0 0.0
6105423.0 -17.0 -129.0 0.0
5898399.0 -9.0 -129.0 0.0
5827757.0 0.0 -129.0 0.0
5898399.0 9.0 -129.0 0.0
6105423.0 17.0 -129.0 0.0
6305654.0 -35.0 -135.0 0.0
5827757.0 -28.0 -135.0 0.0
5460856.0 -19.0 -135.0 0.0
5228372.0 -10.0 -135.0 0.0
5148545.0 0.0 -135.0 0.0
5228372.0 10.0 -135.0 0.0
5460856.0 19.0 -135.0 0.0
5827757.0 28.0 -135.0 0.0
6305654.0 35.0 -135.0 0.0
5827757.0 -39.0 -143.0 0.0
5306999.0 -31.0 -143.0 0.0
4901269.0 -22.0 -143.0 0.0
4640835.0 -11.0 -143.0 0.0
4550713.0 0.0 -143.0 0.0
4640835.0 11.0 -143.0 0.0
4901269.0 22.0 -143.0 0.0
5306999.0 31.0 -143.0 0.0
5827757.0 39.0 -143.0 0.0
6105423.0 -48.0 -153.0 0.0
5460856.0 -42.0 -153.0 0.0
4901269.0 -34.0 -153.0 0.0
4458770.0 -24.0 -153.0 0.0
4170798.0 -13.0 -153.0 0.0
4070282.0 0.0 -153.0 0.0
4170798.0 13.0 -153.0 0.0
4458770.0 24.0 -153.0 0.0
4901269.0 34.0 -153.0 0.0
5460856.0 42.0 -153.0 0.0
6105423.0 48.0 -153.0 0.0
5898399.0 -50.0 -166.0 0.0
5228372.0 -44.0 -166.0 0.0
4640835.0 -36.0 -166.0 0.0
4170798.0 -26.0 -166.0 0.0
3861408.0 -14.0 -166.0 0.0
3752614.0 0.0 -166.0 0.0
3861408.0 14.0 -166.0 0.0
4170798.0 26.0 -166.0 0.0
4640835.0 36.0 -166.0 0.0
5228372.0 44.0 -166.0 0.0
5898399.0 50.0 -166.0 0.0
5827757.0 -51.0 180.0 0.0
5148545.0 -45.0 180.0 0.0
4550713.0 -37.0 180.0 0.0
4070282.0 -27.0 180.0 0.0
3752614.0 -14.0 180.0 0.0
3640570.0 0.0 180.0 0.0
3752614.0 14.0 180.0 0.0
4070282.0 27.0 180.0 0.0
4550713.0 37.0 180.0 0.0
5148545.0 45.0 180.0 0.0
5827757.0 51.0 180.0 0.0
5898399.0 -50.0 166.0 0.0
5228372.0 -44.0 166.0 0.0
4640835.0 -36.0 166.0 0.0
4170798.0 -26.0 166.0 0.0
3861408.0 -14.0 166.0 0.0
3752614.0 0.0 166.0 0.0
3861408.0 14.0 166.0 0.0
4170798.0 26.0 166.0 0.0
4640835.0 36.0 166.0 0.0
5228372.0 44.0 166.0 0.0
5898399.0 50.0 166.0 0.0
6105423.0 -48.0 153.0 0.0
5460856.0 -42.0 153.0 0.0
4901269.0 -34.0 153.0 0.0
4458770.0 -24.0 153.0 0.0
4170798.0 -13.0 153.0 0.0
4070282.0 0.0 153.0 0.0
4170798.0 13.0 153.0 0.0
4458770.0 24.0 153.0 0.0
4901269.0 34.0 153.0 0.0
5460856.0 42.0 153.0 0.0
6105423.0 48.0 153.0 0.0
5827757.0 -39.0 143.0 0.0
5306999.0 -31.0 143.0 0.0
4901269.0 -22.0 143.0 0.0
4640835.0 -11.0 143.0 0.0
4550713.0 0.0 143.0 0.0
4640835.0 11.0 143.0 0.0
4901269.0 22.0 143.0 0.0
5306999.0 31.0 143.0 0.0
5827757.0 39.0 143.0 0.0
6305654.0 -35.0 135.0 0.0
5827757.0 -28.0 135.0 0.0
5460856.0 -19.0 135.0 0.0
5228372.0 -10.0 135.0 0.0
5148545.0 0.0 135.0 0.0
5228372.0 10.0 135.0 0.0
5460856.0 19.0 135.0 0.0
5827757.0 28.0 135.0 0.0
6305654.0 35.0 135.0 0.0
6105423.0 -17.0 129.0 0.0
5898399.0 -9.0 129.0 0.0
5827757.0 0.0 129.0 0.0
5898399.0 9.0 129.0 0.0
6105423.0 17.0 129.0 0.0
6371000.0 -17.0 -117.0 0.0
6172889.0 -8.0 -117.0 0.0
6105423.0 0.0 -117.0 0.0
6172889.0 8.0 -117.0 0.0
6371000.0 17.0 -117.0 0.0
5968205.0 -27.0 -121.0 0.0
5610497.0 -19.0 -121.0 0.0
5384477.0 -10.0 -121.0 0.0
5306999.0 0.0 -121.0 0.0
5384477.0 10.0 -121.0 0.0
5610497.0 19.0 -121.0 0.0
5968205.0 27.0 -121.0 0.0
5827757.0 -39.0 -127.0 0.0
5306999.0 -31.0 -127.0 0.0
4901269.0 -22.0 -127.0 0.0
4640836.0 -11.0 -127.0 0.0
4550714.0 0.0 -127.0 0.0
4640836.0 11.0 -127.0 0.0
4901269.0 22.0 -127.0 0.0
5306999.0 31.0 -127.0 0.0
5827757.0 39.0 -127.0 0.0
5968205.0 -50.0 -135.0 0.0
5306999.0 -43.0 -135.0 0.0
4729240.0 -35.0 -135.0 0.0
4268948.0 -25.0 -135.0 0.0
3967220.0 -13.0 -135.0 0.0
3861408.0 0.0 -135.0 0.0
3967220.0 13.0 -135.0 0.0
4268948.0 25.0 -135.0 0.0
4729240.0 35.0 -135.0 0.0
5306999.0 43.0 -135.0 0.0
5968205.0 50.0 -135.0 0.0
6371000.0 -59.0 -146.0 0.0
5610497.0 -54.0 -146.0 0.0
4901269.0 -48.0 -146.0 0.0
4268948.0 -40.0 -146.0 0.0
3752614.0 -29.0 -146.0 0.0
3752614.0 29.0 -146.0 0.0
4268948.0 40.0 -146.0 0.0
4901269.0 48.0 -146.0 0.0
5610497.0 54.0 -146.0 0.0
6371000.0 59.0 -146.0 0.0
6172889.0 -62.0 -162.0 0.0
5384477.0 -58.0 -162.0 0.0
4640836.0 -52.0 -162.0 0.0
3967220.0 -43.0 -162.0 0.0
3967220.0 43.0 -162.0 0.0
4640836.0 52.0 -162.0 0.0
5384477.0 58.0 -162.0 0.0
6172889.0 62.0 -162.0 0.0
6105423.0 -63.0 180.0 0.0
5306999.0 -59.0 180.0 0.0
4550714.0 -53.0 180.0 0.0
3861408.0 -45.0 180.0 0.0
3861408.0 45.0 180.0 0.0
4550714.0 53.0 180.0 0.0
5306999.0 59.0 180.0 0.0
6105423.0 63.0 180.0 0.0
6172889.0 -62.0 162.0 0.0
5384477.0 -58.0 162.0 0.0
4640836.0 -52.0 162.0 0.0
3967220.0 -43.0 162.0 0.0
3967220.0 43.0 162.0 0.0
4640836.0 52.0 162.0 0.0
5384477.0 58.0 162.0 0.0
6172889.0 62.0 162.0 0.0
6371000.0 -59.0 146.0 0.0
5610497.0 -54.0 146.0 0.0
4901269.0 -48.0 146.0 0.0
4268948.0 -40.0 146.0 0.0
3752614.0 -29.0 146.0 0.0
3752614.0 29.0 146.0 0.0
4268948.0 40.0 146.0 0.0
4901269.0 48.0 146.0 0.0
5610497.0 54.0 146.0 0.0
6371000.0 59.0 146.0 0.0
5968205.0 -50.0 135.0 0.0
5306999.0 -43.0 135.0 0.0
4729240.0 -35.0 135.0 0.0
4268948.0 -25.0 135.0 0.0
3967220.0 -13.0 135.0 0.0
3861408.0 0.0 135.0 0.0
3967220.0 13.0 135.0 0.0
4268948.0 25.0 135.0 0.0
4729240.0 35.0 135.0 0.0
5306999.0 43.0 135.0 0.0
5968205.0 50.0 135.0 0.0
5827757.0 -39.0 127.0 0.0
5306999.0 -31.0 127.0 0.0
4901269.0 -22.0 127.0 0.0
4640836.0 -11.0 127.0 0.0
4550714.0 0.0 127.0 0.0
4640836.0 11.0 127.0 0.0
4901269.0 22.0 127.0 0.0
5306999.0 31.0 127.0 0.0
5827757.0 39.0 127.0 0.0
5968205.0 -27.0 121.0 0.0
5610497.0 -19.0 121.0 0.0
5384477.0 -10.0 121.0 0.0
5306999.0 0.0 121.0 0.0
5384477.0 10.0 121.0 0.0
5610497.0 19.0 121.0 0.0
5968205.0 27.0 121.0 0.0
6371000.0 -17.0 117.0 0.0
6172889.0 -8.0 117.0 0.0
6105423.0 0.0 117.0 0.0
6172889.0 8.0 117.0 0.0
6371000.0 17.0 117.0 0.0
6371000.0 -25.0 -108.0 0.0
6037204.0 -18.0 -108.0 0.0
5827757.0 -9.0 -108.0 0.0
5756249.0 0.0 -108.0 0.0
5827757.0 9.0 -108.0 0.0
6037204.0 18.0 -108.0 0.0
6371000.0 25.0 -108.0 0.0
6105424.0 -37.0 -112.0 0.0
5610497.0 -29.0 -112.0 0.0
5228372.0 -20.0 -112.0 0.0
4985057.0 -11.0 -112.0 -9.66924657239e-60
4901269.0 0.0 -112.0 -6.27991699586e-59
4985057.0 11.0 -112.0 -1.03462828571e-59
5228372.0 20.0 -112.0 0.0
5610497.0 29.0 -112.0 0.0
6105424.0 37.0 -112.0 0.0
6105424.0 -48.0 -117.0 0.0
5460857.0 -42.0 -117.0 0.0
4901269.0 -34.0 -117.0 -8.49004013631e-61
4458771.0 -24.0 -117.0 1.08418570289e-58
4170798.0 -13.0 -117.0 -2.91488582206e-57
4070282.0 0.0 -117.0 3.09240110881e-57
4170798.0 13.0 -117.0 -3.05332189075e-57
4458771.0 24.0 -117.0 -3.46316007801e-58
4901269.0 34.0 -117.0 -8.64947309972e-60
5460857.0 42.0 -117.0 0.0
6105424.0 48.0 -117.0 0.0
6371000.0 -59.0 -124.0 0.0
5610497.0 -54.0 -124.0 0.0
4901269.0 -48.0 -124.0 5.06223458077e-59
4268948.0 -40.0 -124.0 1.59562043218e-58
3752615.0 -29.0 -124.0 2.95230109963e-56
3752615.0 29.0 -124.0 2.16869547379e-56
4268948.0 40.0 -124.0 -1.47068707674e-58
4901269.0 48.0 -124.0 -3.39914226129e-59
5610497.0 54.0 -124.0 0.0
6371000.0 59.0 -124.0 0.0
6037204.0 -65.0 -135.0 0.0
5228372.0 -61.0 -135.0 9.23000793448e-67
4458771.0 -55.0 -135.0 -5.86125636606e-58
3752615.0 -47.0 -135.0 -3.43160917732e-56
3752615.0 47.0 -135.0 -4.93148142719e-56
4458771.0 55.0 -135.0 -3.37568910134e-57
5228372.0 61.0 -135.0 3.00039404694e-66
6037204.0 65.0 -135.0 0.0
5827757.0 -70.0 -153.0 0.0
4985057.0 -66.0 -153.0 -1.15269776712e-60
4170798.0 -61.0 -153.0 -2.43019723255e-57
4170798.0 61.0 -153.0 2.60882334498e-56
4985057.0 66.0 -153.0 1.57662040164e-59
5827757.0 70.0 -153.0 0.0
5756249.0 -72.0 180.0 0.0
4901269.0 -68.0 180.0 4.38495828996e-60
4070282.0 -63.0 180.0 -2.43473757178e-57
4070282.0 63.0 180.0 -1.02590091166e-56
4901269.0 68.0 180.0 -9.01610061908e-59
5756249.0 72.0 180.0 0.0
5827757.0 -70.0 153.0 0.0
4985057.0 -66.0 153.0 1.47950667318e-59
4170798.0 -61.0 153.0 -2.06191817011e-57
4170798.0 61.0 153.0 -1.06509746777e-56
4985057.0 66.0 153.0 8.06623313606e-59
5827757.0 70.0 153.0 0.0
6037204.0 -65.0 135.0 0.0
5228372.0 -61.0 135.0 -4.93080246158e-66
4458771.0 -55.0 135.0 1.49198612584e-57
3752615.0 -47.0 135.0 3.7105773055e-55
3752615.0 47.0 135.0 1.09263388025e-54
4458771.0 55.0 135.0 1.6299998743e-56
5228372.0 61.0 135.0 -8.03246966452e-66
6037204.0 65.0 135.0 0.0
6371000.0 -59.0 124.0 0.0
5610497.0 -54.0 124.0 0.0
4901269.0 -48.0 124.0 -3.76614574485e-59
4268948.0 -40.0 124.0 -4.28345287062e-57
3752615.0 -29.0 124.0 2.59807699385e-55
3752615.0 29.0 124.0 5.52976334569e-55
4268948.0 40.0 124.0 2.06960093571e-56
4901269.0 48.0 124.0 -4.83460162012e-59
5610497.0 54.0 124.0 0.0
6371000.0 59.0 124.0 0.0
6105424.0 -48.0 117.0 0.0
5460857.0 -42.0 117.0 0.0
4901269.0 -34.0 117.0 -1.20856820157e-58
4458771.0 -24.0 117.0 -3.32519441817e-57
4170798.0 -13.0 117.0 1.00677149301e-56
4070282.0 0.0 117.0 7.94596254301e-56
4170798.0 13.0 117.0 2.32226953409e-56
4458771.0 24.0 117.0 3.01480376531e-57
4901269.0 34.0 117.0 -1.11257191157e-58
5460857.0 42.0 117.0 0.0
6105424.0 48.0 117.0 0.0
6105424.0 -37.0 112.0 0.0
5610497.0 -29.0 112.0 0.0
5228372.0 -20.0 112.0 0.0
4985057.0 -11.0 112.0 -9.75609515555e-60
4901269.0 0.0 112.0 -1.96989792539e-58
4985057.0 11.0 112.0 -1.74375221334e-59
5228372.0 20.0 112.0 0.0
5610497.0 29.0 112.0 0.0
6105424.0 37.0 112.0 0.0
6371000.0 -25.0 108.0 0.0
6037204.0 -18.0 108.0 0.0
5827757.0 -9.0 108.0 0.0
5756249.0 0.0 108.0 0.0
5827757.0 9.0 108.0 0.0
6037204.0 18.0 108.0 0.0
6371000.0 25.0 108.0 0.0
6172889.0 -26.0 -99.0 0.0
5827758.0 -18.0 -99.0 0.0
5610497.0 -9.0 -99.0 -2.68171224717e-61
5536183.0 0.0 -99.0 5.53431863581e-59
5610497.0 9.0 -99.0 -2.78534063865e-61
5827758.0 18.0 -99.0 0.0
6172889.0 26.0 -99.0 0.0
5898400.0 -38.0 -101.0 0.0
5384478.0 -30.0 -101.0 -1.26044510886e-57
4985058.0 -21.0 -101.0 1.14541174051e-54
4729241.0 -11.0 -101.0 1.24997563556e-52
4640836.0 0.0 -101.0 2.32040161771e-52
4729241.0 11.0 -101.0 3.65893072541e-52
4985058.0 21.0 -101.0 7.56745167123e-55
5384478.0 30.0 -101.0 -4.26291894601e-57
5898400.0 38.0 -101.0 0.0
5898400.0 -50.0 -104.0 0.0
5228372.0 -44.0 -104.0 1.1247007092e-56
4640836.0 -36.0 -104.0 9.893338367e-53
4170798.0 -26.0 -104.0 -1.20663208316e-49
3861409.0 -14.0 -104.0 -4.80090316996e-48
3752615.0 0.0 -104.0 -3.27140640622e-47
3861409.0 14.0 -104.0 -4.8844360117e-48
4170798.0 26.0 -104.0 -1.61141205295e-49
4640836.0 36.0 -104.0 2.20945140748e-51
5228372.0 44.0 -104.0 -8.03746370467e-58
5898400.0 50.0 -104.0 0.0
6172889.0 -62.0 -108.0 0.0
5384478.0 -58.0 -108.0 1.98575521235e-58
4640836.0 -52.0 -108.0 4.00320305117e-52
3967221.0 -43.0 -108.0 -9.46041329216e-49
3967221.0 43.0 -108.0 -9.48206283864e-49
4640836.0 52.0 -108.0 -1.30021246944e-51
5384478.0 58.0 -108.0 -1.94002736576e-58
6172889.0 62.0 -108.0 0.0
5827758.0 -70.0 -117.0 0.0
4985058.0 -66.0 -117.0 -1.10252087386e-54
4170798.0 -61.0 -117.0 -4.99430618595e-49
4170798.0 61.0 -117.0 -1.22171564292e-48
4985058.0 66.0 -117.0 1.95841710927e-54
5827758.0 70.0 -117.0 0.0
5610497.0 -77.0 -135.0 -2.60598787864e-61
4729241.0 -74.0 -135.0 -3.20489249073e-51
3861409.0 -71.0 -135.0 -1.76622083239e-46
3861409.0 71.0 -135.0 -7.93842137692e-46
4729241.0 74.0 -135.0 -3.34679755751e-51
5610497.0 77.0 -135.0 -5.51820957368e-61
5536183.0 -81.0 180.0 6.24784604837e-60
4640836.0 -79.0 180.0 4.15215998893e-50
3752615.0 -76.0 180.0 2.48198490193e-46
3752615.0 76.0 180.0 3.59205874477e-46
4640836.0 79.0 180.0 4.29615683485e-50
5536183.0 81.0 180.0 -6.84246928794e-59
5610497.0 -77.0 135.0 -1.55446631232e-61
4729241.0 -74.0 135.0 -8.83630483345e-52
3861409.0 -71.0 135.0 -1.44266220637e-47
3861409.0 71.0 135.0 1.09977141579e-46
4729241.0 74.0 135.0 -8.18520688696e-51
5610497.0 77.0 135.0 2.58138675304e-61
5827758.0 -70.0 117.0 0.0
4985058.0 -66.0 117.0 -6.28338489956e-54
4170798.0 -61.0 117.0 -4.13655522863e-51
4170798.0 61.0 117.0 8.49792002766e-49
4985058.0 66.0 117.0 5.12813551978e-53
5827758.0 70.0 117.0 0.0
6172889.0 -62.0 108.0 0.0
5384478.0 -58.0 108.0 -1.58600189553e-57
4640836.0 -52.0 108.0 -1.4476023176e-49
3967221.0 -43.0 108.0 -2.49877085295e-49
3967221.0 43.0 108.0 -4.71714290357e-49
4640836.0 52.0 108.0 -1.8857316834e-49
5384478.0 58.0 108.0 6.51606764833e-57
6172889.0 62.0 108.0 0.0
5898400.0 -50.0 104.0 0.0
5228372.0 -44.0 104.0 -1.68333877227e-55
4640836.0 -36.0 104.0 8.53214135524e-52
4170798.0 -26.0 104.0 2.46928281186e-50
3861409.0 -14.0 104.0 -9.89033665068e-47
3752615.0 0.0 104.0 -2.713321127e-45
3861409.0 14.0 104.0 -4.60177280588e-47
4170798.0 26.0 104.0 9.65930803678e-49
4640836.0 36.0 104.0 1.96644725299e-51
5228372.0 44.0 104.0 -1.93537781874e-54
5898400.0 50.0 104.0 0.0
5898400.0 -38.0 101.0 0.0
5384478.0 -30.0 101.0 -9.47650591556e-57
4985058.0 -21.0 101.0 8.32179130332e-52
4729241.0 -11.0 101.0 -3.06126817385e-50
4640836.0 0.0 101.0 -1.39969768298e-49
4729241.0 11.0 101.0 -4.11703243501e-50
4985058.0 21.0 101.0 1.4414596077e-51
5384478.0 30.0 101.0 3.96219095006e-56
5898400.0 38.0 101.0 0.0
6172889.0 -26.0 99.0 0.0
5827758.0 -18.0 99.0 0.0
5610497.0 -9.0 99.0 -2.84798577085e-60
5536183.0 0.0 99.0 3.7233737493e-58
5610497.0 9.0 99.0 -4.71621948265e-60
5827758.0 18.0 99.0 0.0
6172889.0 26.0 99.0 0.0
6105424.0 -27.0 -90.0 0.0
5756249.0 -18.0 -90.0 -6.11657273354e-57
5536183.0 -9.0 -90.0 1.0728900263e-53
5460857.0 0.0 -90.0 1.09687636697e-52
5536183.0 9.0 -90.0 1.43032072354e-53
5756249.0 18.0 -90.0 -3.79113402402e-57
6105424.0 27.0 -90.0 0.0
5827758.0 -39.0 -90.0 3.0992814663e-58
5306999.0 -31.0 -90.0 1.65514868096e-52
4901269.0 -22.0 -90.0 3.03161467607e-46
4640836.0 -11.0 -90.0 -3.75761463893e-46
4550714.0 0.0 -90.0 2.89046638077e-44
4640836.0 11.0 -90.0 6.45784594071e-46
4901269.0 22.0 -90.0 2.99279404289e-46
5306999.0 31.0 -90.0 -6.24107939786e-52
5827758.0 39.0 -90.0 -3.45707879087e-59
5827758.0 -51.0 -90.0 7.72593259458e-58
5148545.0 -45.0 -90.0 4.94126494722e-51
4550714.0 -37.0 -90.0 1.45735206229e-43
4070283.0 -27.0 -90.0 8.50012327517e-42
3752615.0 -14.0 -90.0 -7.41497749703e-38
3640571.0 0.0 -90.0 1.7477389656e-36
3752615.0 14.0 -90.0 -3.37984029967e-38
4070283.0 27.0 -90.0 -7.69141446824e-42
4550714.0 37.0 -90.0 1.24541830454e-43
5148545.0 45.0 -90.0 1.05064461639e-49
5827758.0 51.0 -90.0 -1.01054203483e-57
6105424.0 -63.0 -90.0 0.0
5306999.0 -59.0 -90.0 -2.76366848332e-51
4550714.0 -53.0 -90.0 5.38706282044e-44
3861409.0 -45.0 -90.0 -1.15845720295e-38
3861409.0 45.0 -90.0 -9.13143064417e-38
4550714.0 53.0 -90.0 1.25459125667e-43
5306999.0 59.0 -90.0 -6.94491268931e-51
6105424.0 63.0 -90.0 0.0
5756249.0 -72.0 -90.0 -1.69317776181e-56
4901269.0 -68.0 -90.0 7.29984119694e-46
4070283.0 -63.0 -90.0 1.26699751477e-41
4070283.0 63.0 -90.0 1.42836202587e-40
4901269.0 68.0 -90.0 1.19074317025e-45
5756249.0 72.0 -90.0 -3.06078832051e-56
5536183.0 -81.0 -90.0 3.05975310469e-55
4640836.0 -79.0 -90.0 1.80328701479e-44
3752615.0 -76.0 -90.0 -7.76648346009e-39
3752615.0 76.0 -90.0 -7.0149812459e-38
4640836.0 79.0 -90.0 4.55494801934e-44
5536183.0 81.0 -90.0 -1.12835989526e-53
5460857.0 -90.0 0.0 1.04144442531e-52
4550714.0 -90.0 0.0 6.08151007243e-43
3640571.0 -90.0 0.0 -2.22574224168e-36
3640571.0 90.0 0.0 1.64519754541e-36
4550714.0 90.0 0.0 4.72430737345e-43
5460857.0 90.0 0.0 5.88144153242e-52
5536183.0 -81.0 90.0 -1.02127496742e-53
4640836.0 -79.0 90.0 -9.50880673204e-44
3752615.0 -76.0 90.0 -1.5954559524e-37
3752615.0 76.0 90.0 1.11210475774e-37
4640836.0 79.0 90.0 -4.02425854119e-44
5536183.0 81.0 90.0 -1.19667125968e-52
5756249.0 -72.0 90.0 1.26401770247e-56
4901269.0 -68.0 90.0 -6.56153824689e-45
4070283.0 -63.0 90.0 -2.2196927306e-40
4070283.0 63.0 90.0 1.19725452818e-40
4901269.0 68.0 90.0 -1.77686874665e-44
5756249.0 72.0 90.0 -1.69967434164e-55
6105424.0 -63.0 90.0 0.0
5306999.0 -59.0 90.0 1.03869495889e-50
4550714.0 -53.0 90.0 -3.61848782154e-43
3861409.0 -45.0 90.0 -5.81422127896e-37
3861409.0 45.0 90.0 1.93907796291e-37
4550714.0 53.0 90.0 -2.16509597081e-43
5306999.0 59.0 90.0 1.01828303081e-49
6105424.0 63.0 90.0 0.0
5827758.0 -51.0 90.0 -1.94962433744e-57
5148545.0 -45.0 90.0 7.21484526841e-48
4550714.0 -37.0 90.0 2.66118478773e-43
4070283.0 -27.0 90.0 -3.70367628171e-39
3752615.0 -14.0 90.0 -2.43182977542e-36
3640571.0 0.0 90.0 3.03982098443e-35
3752615.0 14.0 90.0 -2.4809515283e-36
4070283.0 27.0 90.0 -3.96788398237e-39
4550714.0 37.0 90.0 2.83653577032e-43
5148545.0 45.0 90.0 6.26020219537e-48
5827758.0 51.0 90.0 4.47163138979e-57
5827758.0 -39.0 90.0 3.03015860575e-59
5306999.0 -31.0 90.0 4.77909253127e-50
4901269.0 -22.0 90.0 -2.75861289007e-44
4640836.0 -11.0 90.0 7.57621028555e-43
4550714.0 0.0 90.0 2.01010376815e-43
4640836.0 11.0 90.0 8.056873049e-43
4901269.0 22.0 90.0 -2.40018069429e-44
5306999.0 31.0 90.0 4.57887624888e-50
5827758.0 39.0 90.0 -4.29654710088e-59
6105424.0 -27.0 90.0 0.0
5756249.0 -18.0 90.0 3.73956624255e-56
5536183.0 -9.0 90.0 1.2010058448e-52
5460857.0 0.0 90.0 5.11370422506e-52
5536183.0 9.0 90.0 1.43015292538e-52
5756249.0 18.0 90.0 6.69153224617e-56
6105424.0 27.0 90.0 0.0
6172889.0 -26.0 -81.0 1.02863647009e-57
5827758.0 -18.0 -81.0 -1.73518662082e-53
5610497.0 -9.0 -81.0 8.63477563909e-51
5536183.0 0.0 -81.0 -9.60481307252e-49
5610497.0 9.0 -81.0 9.37964220296e-51
5827758.0 18.0 -81.0 -2.63335055698e-53
6172889.0 26.0 -81.0 3.45955009957e-58
5898400.0 -38.0 -79.0 -1.89236679004e-54
5384478.0 -30.0 -79.0 -1.51868079568e-46
4985058.0 -21.0 -79.0 3.59737545205e-40
4729241.0 -11.0 -79.0 -1.52404807337e-34
4640836.0 0.0 -79.0 1.86593122816e-31
4729241.0 11.0 -79.0 -1.82841267776e-34
4985058.0 21.0 -79.0 6.72427456973e-40
5384478.0 30.0 -79.0 -1.82125207366e-46
5898400.0 38.0 -79.0 -1.68469991771e-54
5898400.0 -50.0 -76.0 6.85774534537e-54
5228373.0 -44.0 -76.0 1.92837089062e-45
4640836.0 -36.0 -76.0 -1.19143636725e-31
4170799.0 -26.0 -76.0 1.32452828389e-29
3861409.0 -14.0 -76.0 1.4126517635e-29
3752615.0 0.0 -76.0 4.33949017101e-30
3861409.0 14.0 -76.0 1.8060395641e-29
4170799.0 26.0 -76.0 5.06671053771e-29
4640836.0 36.0 -76.0 -4.95685665562e-31
5228373.0 44.0 -76.0 -2.31268298031e-44
5898400.0 50.0 -76.0 1.91923255487e-53
6172889.0 -62.0 -72.0 -3.26335941333e-58
5384478.0 -58.0 -72.0 1.00970431158e-46
4640836.0 -52.0 -72.0 4.3220324064e-33
3967221.0 -43.0 -72.0 -1.01150375891e-30
3967221.0 43.0 -72.0 8.77609220016e-30
4640836.0 52.0 -72.0 8.8397868281e-32
5384478.0 58.0 -72.0 3.3068789056e-46
6172889.0 62.0 -72.0 -1.31412711319e-57
5827758.0 -70.0 -63.0 -4.79272350197e-53
4985058.0 -66.0 -63.0 3.04151915016e-39
4170799.0 -61.0 -63.0 -7.08931733241e-29
4170799.0 61.0 -63.0 2.02476816057e-29
4985058.0 66.0 -63.0 9.3315627429e-39
5827758.0 70.0 -63.0 -1.83134419942e-52
5610497.0 -77.0 -45.0 1.38188389029e-48
4729241.0 -74.0 -45.0 -1.37131696983e-33
3861409.0 -71.0 -45.0 -6.99463985923e-28
3861409.0 71.0 -45.0 1.75778592993e-27
4729241.0 74.0 -45.0 -5.70938172629e-33
5610497.0 77.0 -45.0 1.26345829038e-48
5536183.0 -81.0 0.0 2.05623707435e-47
4640836.0 -79.0 0.0 9.55757096022e-32
3752615.0 -76.0 0.0 3.36253304913e-28
3752615.0 76.0 0.0 -5.83058406445e-28
4640836.0 79.0 0.0 -1.06400870324e-31
5536183.0 81.0 0.0 4.61880788332e-47
5610497.0 -77.0 45.0 -3.23139152838e-49
4729241.0 -74.0 45.0 -2.07624985145e-35
3861409.0 -71.0 45.0 -2.9758506825e-28
3861409.0 71.0 45.0 -1.21066616099e-27
4729241.0 74.0 45.0 -5.25552037083e-33
5610497.0 77.0 45.0 -5.28541522898e-49
5827758.0 -70.0 63.0 -1.39050083617e-52
4985058.0 -66.0 63.0 2.92368415774e-39
4170799.0 -61.0 63.0 9.56891377511e-28
4170799.0 61.0 63.0 -2.98314478275e-27
4985058.0 66.0 63.0 -8.5062961735e-39
5827758.0 70.0 63.0 -1.24882076086e-52
6172889.0 -62.0 72.0 5.53070749622e-57
5384478.0 -58.0 72.0 -8.27638501188e-46
4640836.0 -52.0 72.0 5.40075223889e-30
3967221.0 -43.0 72.0 5.44515779305e-28
3967221.0 43.0 72.0 2.74253055316e-27
4640836.0 52.0 72.0 1.37860665943e-29
5384478.0 58.0 72.0 -2.73212818087e-45
6172889.0 62.0 72.0 1.35199776771e-57
5898400.0 -50.0 76.0 4.13997998227e-53
5228373.0 -44.0 76.0 -4.02427046455e-42
4640836.0 -36.0 76.0 2.95756638603e-30
4170799.0 -26.0 76.0 1.07295512843e-27
3861409.0 -14.0 76.0 1.49034927083e-27
3752615.0 0.0 76.0 -7.79499511831e-28
3861409.0 14.0 76.0 1.79346483753e-27
4170799.0 26.0 76.0 2.31589789176e-27
4640836.0 36.0 76.0 8.42323516255e-30
5228373.0 44.0 76.0 -1.27350928871e-43
5898400.0 50.0 76.0 -1.23839097552e-53
5898400.0 -38.0 79.0 -5.42484054209e-53
5384478.0 -30.0 79.0 1.24283898491e-44
4985058.0 -21.0 79.0 -3.29417260859e-38
4729241.0 -11.0 79.0 3.14793426705e-33
4640836.0 0.0 79.0 -1.48114765073e-30
4729241.0 11.0 79.0 3.79458951528e-33
4985058.0 21.0 79.0 1.61816029603e-38
5384478.0 30.0 79.0 2.36304051847e-44
5898400.0 38.0 79.0 -2.3135324091e-52
6172889.0 -26.0 81.0 3.7802049006e-58
5827758.0 -18.0 81.0 1.34770745973e-52
5610497.0 -9.0 81.0 -9.53752754559e-49
5536183.0 0.0 81.0 3.09680627549e-47
5610497.0 9.0 81.0 -7.68363017813e-49
5827758.0 18.0 81.0 1.99438982292e-52
6172889.0 26.0 81.0 1.96446058567e-57
6037205.0 -18.0 -72.0 -2.1885460054e-48
5827758.0 -9.0 -72.0 -1.61128716608e-44
5756249.0 0.0 -72.0 -6.68389228289e-42
5827758.0 9.0 -72.0 -7.69832361617e-44
6037205.0 18.0 -72.0 -1.77869004797e-48
6371000.0 25.0 -72.0 8.82053317484e-57
6105424.0 -37.0 -68.0 -5.1822088856e-49
5610497.0 -29.0 -68.0 1.10795349975e-39
5228373.0 -20.0 -68.0 -4.0070038991e-29
4985058.0 -11.0 -68.0 -1.45689430347e-28
4901269.0 0.0 -68.0 -9.14668423128e-28
4985058.0 11.0 -68.0 -2.74621509347e-28
5228373.0 20.0 -68.0 -5.86112886599e-29
5610497.0 29.0 -68.0 2.68219381036e-38
6105424.0 37.0 -68.0 -5.41346610543e-49
6105424.0 -48.0 -63.0 -5.0507483669e-50
5460857.0 -42.0 -63.0 4.78841920725e-35
4901269.0 -34.0 -63.0 3.51705044814e-27
4458771.0 -24.0 -63.0 -3.10951197684e-29
4170799.0 -13.0 -63.0 5.08834229904e-29
4070283.0 0.0 -63.0 -1.82463672178e-28
4170799.0 13.0 -63.0 7.15316743978e-29
4458771.0 24.0 -63.0 -1.64101105109e-29
4901269.0 34.0 -63.0 4.36975738018e-27
5460857.0 42.0 -63.0 -8.74387611741e-34
6105424.0 48.0 -63.0 1.89782924177e-48
5610497.0 -54.0 -56.0 -4.93561926624e-39
4901269.0 -48.0 -56.0 -3.97350567335e-27
4268948.0 -40.0 -56.0 -2.96825181741e-28
3752615.0 -29.0 -56.0 7.09525244237e-29
3752615.0 29.0 -56.0 1.06506885972e-28
4268948.0 40.0 -56.0 2.92299668017e-28
4901269.0 48.0 -56.0 1.34418007139e-27
5610497.0 54.0 -56.0 1.40145994651e-38
6037205.0 -65.0 -45.0 -2.50009485971e-49
5228373.0 -61.0 -45.0 1.80101779217e-28
4458771.0 -55.0 -45.0 1.15116783466e-27
3752615.0 -47.0 -45.0 -2.05899281842e-28
3752615.0 47.0 -45.0 1.00157136372e-28
4458771.0 55.0 -45.0 5.47527889524e-28
5228373.0 61.0 -45.0 1.33646117848e-27
6037205.0 65.0 -45.0 -1.22026374897e-48
5827758.0 -70.0 -27.0 -1.25389444925e-43
4985058.0 -66.0 -27.0 -3.32316846652e-28
4170799.0 -61.0 -27.0 -1.03814035525e-27
4170799.0 61.0 -27.0 9.11718748644e-28
4985058.0 66.0 -27.0 -5.48565595969e-28
5827758.0 70.0 -27.0 -9.7176032234e-43
5756249.0 -72.0 0.0 -2.05036213548e-41
4901269.0 -68.0 0.0 6.9235055813e-27
4070283.0 -63.0 0.0 5.45355599664e-28
4070283.0 63.0 0.0 -9.03619722724e-28
4901269.0 68.0 0.0 -1.4775704031e-26
5756249.0 72.0 0.0 2.74036570837e-41
5827758.0 -70.0 27.0 -2.46650707348e-44
4985058.0 -66.0 27.0 1.16859768281e-26
4170799.0 -61.0 27.0 -6.40413827038e-28
4170799.0 61.0 27.0 -5.53335452545e-28
4985058.0 66.0 27.0 -2.55494223696e-26
5827758.0 70.0 27.0 -2.08904737657e-42
6037205.0 -65.0 45.0 4.35242966459e-49
5228373.0 -61.0 45.0 8.49268964936e-28
4458771.0 -55.0 45.0 2.79997767024e-27
3752615.0 -47.0 45.0 -6.77986388893e-29
3752615.0 47.0 45.0 3.08059198496e-28
4458771.0 55.0 45.0 -2.02210131579e-27
5228373.0 61.0 45.0 -2.09729081279e-27
6037205.0 65.0 45.0 4.11252289854e-48
5610497.0 -54.0 56.0 -1.98240221908e-37
4901269.0 -48.0 56.0 1.23392558572e-27
4268948.0 -40.0 56.0 1.01262751549e-28
3752615.0 -29.0 56.0 1.63331853648e-28
3752615.0 29.0 56.0 7.77075476723e-29
4268948.0 40.0 56.0 -1.05760797514e-27
4901269.0 48.0 56.0 1.12676902782e-26
5610497.0 54.0 56.0 -3.91598596326e-38
6105424.0 -48.0 63.0 -1.57346003786e-48
5460857.0 -42.0 63.0 -1.31773188169e-32
4901269.0 -34.0 63.0 3.68153411127e-27
4458771.0 -24.0 63.0 -4.14526449222e-28
4170799.0 -13.0 63.0 8.22666619392e-28
4070283.0 0.0 63.0 4.44613664676e-28
4170799.0 13.0 63.0 3.86525118358e-27
4458771.0 24.0 63.0 3.53573126237e-28
4901269.0 34.0 63.0 1.78926676838e-26
5460857.0 42.0 63.0 -6.78203756066e-33
6105424.0 48.0 63.0 -9.05702614286e-49
6105424.0 -37.0 68.0 1.11508106108e-48
5610497.0 -29.0 68.0 -6.83299038422e-38
5228373.0 -20.0 68.0 -9.24847766816e-28
4985058.0 -11.0 68.0 1.9462148577e-27
4901269.0 0.0 68.0 -1.36517753031e-26
4985058.0 11.0 68.0 7.87246798344e-27
5228373.0 20.0 68.0 -1.36416849305e-27
5610497.0 29.0 68.0 -1.38738095882e-37
6105424.0 37.0 68.0 2.35426977335e-48
6037205.0 -18.0 72.0 -2.24922317541e-47
5827758.0 -9.0 72.0 1.11134058238e-42
5756249.0 0.0 72.0 1.01015174096e-41
5827758.0 9.0 72.0 1.5794946192e-42
6037205.0 18.0 72.0 -2.00038626003e-47
6172889.0 -8.0 -63.0 2.32437583447e-38
6105424.0 0.0 -63.0 -7.58426562435e-36
6172889.0 8.0 -63.0 3.0885325388e-38
5968206.0 -27.0 -59.0 -4.06877456561e-30
5610497.0 -19.0 -59.0 -3.27297673769e-27
5384478.0 -10.0 -59.0 -5.37689018993e-28
5306999.0 0.0 -59.0 5.43635161046e-28
5384478.0 10.0 -59.0 -2.61110555456e-29
5610497.0 19.0 -59.0 -3.28478251803e-27
5968206.0 27.0 -59.0 -1.19666730566e-29
5827758.0 -39.0 -53.0 4.11942319832e-28
5306999.0 -31.0 -53.0 -1.62386705746e-28
4901269.0 -22.0 -53.0 6.15011186906e-28
4640836.0 -11.0 -53.0 -5.79455057461e-29
4550714.0 0.0 -53.0 4.12593125577e-28
4640836.0 11.0 -53.0 3.75713842146e-28
4901269.0 22.0 -53.0 -4.93303084135e-29
5306999.0 31.0 -53.0 4.2023461997e-28
5827758.0 39.0 -53.0 -1.79927554516e-27
5968206.0 -50.0 -45.0 2.6410970837e-30
5306999.0 -43.0 -45.0 6.67817652269e-28
4729241.0 -35.0 -45.0 1.00986895498e-27
4268948.0 -25.0 -45.0 -1.31041712035e-28
3967221.0 -13.0 -45.0 4.97872346504e-29
3861409.0 0.0 -45.0 8.18789910934e-29
3967221.0 13.0 -45.0 3.24816925902e-28
4268948.0 25.0 -45.0 1.64371847758e-28
4729241.0 35.0 -45.0 3.88469335164e-28
5306999.0 43.0 -45.0 3.71943158547e-28
5968206.0 50.0 -45.0 4.15740388637e-30
5610497.0 -54.0 -34.0 -1.45133050133e-27
4901269.0 -48.0 -34.0 -3.21473539183e-27
4268948.0 -40.0 -34.0 1.34392012109e-27
3752615.0 -29.0 -34.0 8.16739356282e-29
3752615.0 29.0 -34.0 -1.76512438519e-28
4268948.0 40.0 -34.0 -4.45165752801e-28
4901269.0 48.0 -34.0 6.6999801574e-29
5610497.0 54.0 -34.0 2.52581823885e-28
6172889.0 -62.0 -18.0 5.61957702768e-39
5384478.0 -58.0 -18.0 -5.98404758405e-27
4640836.0 -52.0 -18.0 -1.09090895893e-27
3967221.0 -43.0 -18.0 4.50273943924e-28
3967221.0 43.0 -18.0 -1.76828025755e-28
4640836.0 52.0 -18.0 2.47558649174e-28
5384478.0 58.0 -18.0 1.0948703031e-26
6172889.0 62.0 -18.0 2.60903951856e-37
6105424.0 -63.0 0.0 4.03025456871e-36
5306999.0 -59.0 0.0 3.69913093288e-27
4550714.0 -53.0 0.0 1.06373773509e-27
3861409.0 -45.0 0.0 8.95832517052e-28
3861409.0 45.0 0.0 -8.91767489021e-28
4550714.0 53.0 0.0 3.32627285945e-27
5306999.0 59.0 0.0 -4.4856775406e-27
6105424.0 63.0 0.0 -3.73499400455e-35
6172889.0 -62.0 18.0 2.53409145579e-38
5384478.0 -58.0 18.0 -1.99106397944e-27
4640836.0 -52.0 18.0 1.12620753743e-27
3967221.0 -43.0 18.0 -6.87050633564e-28
3967221.0 43.0 18.0 -9.79160748477e-28
4640836.0 52.0 18.0 -3.26135433826e-28
5384478.0 58.0 18.0 1.9950667892e-27
6172889.0 62.0 18.0 -6.87688342507e-38
5610497.0 -54.0 34.0 -9.077116447e-27
4901269.0 -48.0 34.0 -8.7864278392e-28
4268948.0 -40.0 34.0 7.70176701661e-28
3752615.0 -29.0 34.0 2.05217091152e-27
3752615.0 29.0 34.0 -6.13477689737e-28
4268948.0 40.0 34.0 1.40196322704e-29
4901269.0 48.0 34.0 -3.52410692003e-28
5610497.0 54.0 34.0 1.86338249446e-26
5968206.0 -50.0 45.0 -4.86307885733e-30
5306999.0 -43.0 45.0 -8.43919752379e-28
4729241.0 -35.0 45.0 -2.58233841926e-27
4268948.0 -25.0 45.0 -1.63956506563e-27
3967221.0 -13.0 45.0 -1.08738080169e-26
3861409.0 0.0 45.0 7.48745038602e-27
3967221.0 13.0 45.0 -6.02875692097e-28
4268948.0 25.0 45.0 1.32775622658e-27
4729241.0 35.0 45.0 3.57083983701e-27
5306999.0 43.0 45.0 2.21348273379e-27
5968206.0 50.0 45.0 1.58441537308e-28
5827758.0 -39.0 53.0 -1.25249031009e-27
5306999.0 -31.0 53.0 -4.62931056016e-28
4901269.0 -22.0 53.0 -6.03098999141e-27
4640836.0 -11.0 53.0 1.36794540075e-27
4550714.0 0.0 53.0 2.52334361494e-26
4640836.0 11.0 53.0 1.01905826106e-26
4901269.0 22.0 53.0 3.53820999079e-27
5306999.0 31.0 53.0 3.17773960723e-27
5827758.0 39.0 53.0 -8.41072883919e-27
5968206.0 -27.0 59.0 -5.30146867627e-29
5610497.0 -19.0 59.0 -3.06806126788e-27
5384478.0 -10.0 59.0 -2.07628765347e-26
5306999.0 0.0 59.0 5.64556018685e-27
5384478.0 10.0 59.0 -3.18304858007e-26
5610497.0 19.0 59.0 2.32683344548e-26
5968206.0 27.0 59.0 -4.75921588177e-28
6172889.0 -8.0 63.0 -2.61547281302e-37
6105424.0 0.0 63.0 -1.82483291274e-34
6172889.0 8.0 63.0 -1.92716787845e-37
6105424.0 -17.0 -51.0 -4.72564960122e-28
5898400.0 -9.0 -51.0 -7.51433548051e-29
5827758.0 0.0 -51.0 -4.41160338122e-29
5898400.0 9.0 -51.0 -3.99354807613e-29
6105424.0 17.0 -51.0 1.0761373273e-27
6305655.0 -35.0 -45.0 -8.25136212579e-28
5827758.0 -28.0 -45.0 -2.90450670127e-28
5460857.0 -19.0 -45.0 -4.68006099414e-28
5228373.0 -10.0 -45.0 3.13408994247e-28
5148545.0 0.0 -45.0 3.3179945758e-28
5228373.0 10.0 -45.0 9.20211327353e-29
5460857.0 19.0 -45.0 1.10562543863e-27
5827758.0 28.0 -45.0 8.55731634728e-29
6305655.0 35.0 -45.0 5.75898936892e-27
5827758.0 -39.0 -37.0 1.34688765954e-27
5306999.0 -31.0 -37.0 -5.28858160107e-28
4901269.0 -22.0 -37.0 1.52805262282e-27
4640836.0 -11.0 -37.0 1.15017474999e-27
4550714.0 0.0 -37.0 -2.93958203632e-29
4640836.0 11.0 -37.0 3.88803419054e-28
4901269.0 22.0 -37.0 1.53556122407e-27
5306999.0 31.0 -37.0 5.59943972163e-28
5827758.0 39.0 -37.0 3.04365565261e-28
6105424.0 -48.0 -27.0 2.57827583661e-27
5460857.0 -42.0 -27.0 1.0530664659e-27
4901269.0 -34.0 -27.0 -2.8495129795e-27
4458771.0 -24.0 -27.0 -1.7728303142e-27
4170799.0 -13.0 -27.0 -6.55027240444e-26
4070283.0 0.0 -27.0 -5.10062129426e-26
4170799.0 13.0 -27.0 -2.54365343248e-26
4458771.0 24.0 -27.0 1.17030436814e-27
4901269.0 34.0 -27.0 -1.70482035875e-27
5460857.0 42.0 -27.0 -2.27121265066e-27
6105424.0 48.0 -27.0 -3.91034601761e-27
5898400.0 -50.0 -14.0 -2.58776343181e-27
5228373.0 -44.0 -14.0 -1.20031478805e-27
4640836.0 -36.0 -14.0 -7.26866211644e-28
4170799.0 -26.0 -14.0 -1.1368430906e-25
3861409.0 -14.0 -14.0 7.0111732474e-26
3752615.0 0.0 -14.0 2.5341555839e-26
3861409.0 14.0 -14.0 -3.73407133661e-26
4170799.0 26.0 -14.0 7.82026471569e-26
4640836.0 36.0 -14.0 2.73003225244e-28
5228373.0 44.0 -14.0 1.19879577416e-27
5898400.0 50.0 -14.0 2.770733879e-27
5827758.0 -51.0 0.0 2.09483372105e-27
5148545.0 -45.0 0.0 1.86307706883e-28
4550714.0 -37.0 0.0 7.00036040561e-27
4070283.0 -27.0 0.0 -2.13696027509e-26
3752615.0 -14.0 0.0 3.12390699371e-25
3640571.0 0.0 0.0 2.5839239297e-26
3752615.0 14.0 0.0 -5.43528658526e-25
4070283.0 27.0 0.0 -1.33916170077e-25
4550714.0 37.0 0.0 -2.16138896342e-27
5148545.0 45.0 0.0 9.05499816214e-28
5827758.0 51.0 0.0 -4.31071925439e-29
5898400.0 -50.0 14.0 -5.94146022897e-29
5228373.0 -44.0 14.0 6.56474088744e-29
4640836.0 -36.0 14.0 1.00596625558e-27
4170799.0 -26.0 14.0 -9.85905584092e-25
3861409.0 -14.0 14.0 -1.39290081094e-25
3752615.0 0.0 14.0 -2.45515767086e-25
3861409.0 14.0 14.0 1.9158360943e-25
4170799.0 26.0 14.0 2.98297184381e-25
4640836.0 36.0 14.0 -2.59632702825e-27
5228373.0 44.0 14.0 -2.83159183567e-28
5898400.0 50.0 14.0 1.39209768446e-27
6105424.0 -48.0 27.0 8.39502067769e-27
5460857.0 -42.0 27.0 6.47843330509e-28
4901269.0 -34.0 27.0 -6.73520980902e-27
4458771.0 -24.0 27.0 -7.41460039549e-27
4170799.0 -13.0 27.0 7.38071856462e-25
4070283.0 0.0 27.0 5.98451839997e-25
4170799.0 13.0 27.0 -7.62730770571e-25
4458771.0 24.0 27.0 9.14907218908e-27
4901269.0 34.0 27.0 -1.9757958799e-26
5460857.0 42.0 27.0 -1.2808010949e-27
6105424.0 48.0 27.0 5.60020532139e-26
5827758.0 -39.0 37.0 5.03343766794e-27
5306999.0 -31.0 37.0 1.93278154654e-27
4901269.0 -22.0 37.0 -2.58139865165e-26
4640836.0 -11.0 37.0 2.16076782897e-26
4550714.0 0.0 37.0 5.28616458773e-27
4640836.0 11.0 37.0 3.24838056965e-27
4901269.0 22.0 37.0 -2.66304391315e-26
5306999.0 31.0 37.0 -9.72580787077e-28
5827758.0 39.0 37.0 -5.22405280011e-27
6305655.0 -35.0 45.0 1.96565108336e-26
5827758.0 -28.0 45.0 -3.48509948862e-28
5460857.0 -19.0 45.0 -9.49775915451e-27
5228373.0 -10.0 45.0 -4.75273225886e-27
5148545.0 0.0 45.0 -2.4978970061e-27
5228373.0 10.0 45.0 1.32310372911e-26
5460857.0 19.0 45.0 9.00266658999e-27
5827758.0 28.0 45.0 -1.27541792959e-26
6305655.0 35.0 45.0 3.09988179307e-27
6105424.0 -17.0 51.0 8.6988599539e-27
5898400.0 -9.0 51.0 4.31901941359e-27
5827758.0 0.0 51.0 3.1092186486e-26
5898400.0 9.0 51.0 4.76491365568e-27
6105424.0 17.0 51.0 1.86142290108e-25
6105424.0 -17.0 -39.0 -2.88684770797e-27
5898400.0 -9.0 -39.0 -9.38970366348e-28
5827758.0 0.0 -39.0 -4.07866539253e-27
5898400.0 9.0 -39.0 -1.73716033616e-27
6105424.0 17.0 -39.0 2.37385356352e-26
5968206.0 -27.0 -31.0 -1.36997861173e-26
5610497.0 -19.0 -31.0 -1.44436028743e-27
5384478.0 -10.0 -31.0 -1.03078186475e-26
5306999.0 0.0 -31.0 -6.68444745053e-27
5384478.0 10.0 -31.0 -2.33701440512e-26
5610497.0 19.0 -31.0 1.5444778368e-26
5968206.0 27.0 -31.0 2.77280838013e-26
6105424.0 -37.0 -22.0 -4.76117471038e-26
5610497.0 -29.0 -22.0 5.9990509066e-27
5228373.0 -20.0 -22.0 -1.21495973553e-25
4985058.0 -11.0 -22.0 -4.71765405975e-27
4901269.0 0.0 -22.0 6.34074080977e-27
4985058.0 11.0 -22.0 -3.6710630404e-27
5228373.0 20.0 -22.0 1.37044322547e-25
5610497.0 29.0 -22.0 -1.8564835578e-26
6105424.0 37.0 -22.0 5.06914212667e-26
5898400.0 -38.0 -11.0 -1.34367966781e-26
5384478.0 -30.0 -11.0 2.22452557352e-26
4985058.0 -21.0 -11.0 5.31772069076e-27
4729241.0 -11.0 -11.0 -3.98144103789e-26
4640836.0 0.0 -11.0 4.51075329134e-26
4729241.0 11.0 -11.0 1.28839110452e-26
4985058.0 21.0 -11.0 4.66272373929e-27
5384478.0 30.0 -11.0 -3.85879774735e-26
5898400.0 38.0 -11.0 1.42981471726e-27
5827758.0 -39.0 0.0 3.22051899522e-26
5306999.0 -31.0 0.0 1.21920753341e-25
4901269.0 -22.0 0.0 1.43708032118e-26
4640836.0 -11.0 0.0 -2.53613739656e-26
4550714.0 0.0 0.0 -2.61713701927e-26
4640836.0 11.0 0.0 4.84139522093e-26
4901269.0 22.0 0.0 -3.10817731222e-26
5306999.0 31.0 0.0 -1.16159567902e-25
5827758.0 39.0 0.0 6.5603097502e-27
5898400.0 -38.0 11.0 -4.34051558564e-27
5384478.0 -30.0 11.0 -1.09050208352e-25
4985058.0 -21.0 11.0 1.01463198667e-26
4729241.0 -11.0 11.0 -2.0641125291e-25
4640836.0 0.0 11.0 3.6680574884e-25
4729241.0 11.0 11.0 2.86946369272e-25
4985058.0 21.0 11.0 -6.16825754087e-26
5384478.0 30.0 11.0 2.90084871629e-25
5898400.0 38.0 11.0 -1.07753522229e-26
6105424.0 -37.0 22.0 5.84362062881e-26
5610497.0 -29.0 22.0 1.57602794628e-26
5228373.0 -20.0 22.0 6.93922281485e-25
4985058.0 -11.0 22.0 -1.7557912187e-25
4901269.0 0.0 22.0 1.34347079922e-26
4985058.0 11.0 22.0 2.20946881876e-25
5228373.0 20.0 22.0 1.05662020472e-24
5610497.0 29.0 22.0 -1.87946819861e-25
6105424.0 37.0 22.0 -5.58800651343e-26
5968206.0 -27.0 31.0 5.7381094433e-26
5610497.0 -19.0 31.0 -1.00185816902e-26
5384478.0 -10.0 31.0 -3.98714248525e-25
5306999.0 0.0 31.0 -1.66656576983e-24
5384478.0 10.0 31.0 -2.56071791462e-24
5610497.0 19.0 31.0 3.44016168359e-25
5968206.0 27.0 31.0 -3.71238908369e-25
6105424.0 -17.0 39.0 -1.55564227999e-25
5898400.0 -9.0 39.0 -2.30041652287e-26
5827758.0 0.0 39.0 7.64773630341e-25
5898400.0 9.0 39.0 8.59487371419e-26
6105424.0 17.0 39.0 1.37910005962e-24
6172889.0 -8.0 -27.0 -5.74978312557e-28
6105424.0 0.0 -27.0 -7.41456040608e-27
6172889.0 8.0 -27.0 -1.03563132694e-27
6037205.0 -18.0 -18.0 -1.9257182634e-25
5827758.0 -9.0 -18.0 -3.87647207817e-26
5756249.0 0.0 -18.0 -4.07913147264e-27
5827758.0 9.0 -18.0 -2.57241644588e-26
6037205.0 18.0 -18.0 5.46027542525e-26
6172889.0 -26.0 -9.0 -2.11104675214e-26
5827758.0 -18.0 -9.0 1.79324763748e-25
5610497.0 -9.0 -9.0 4.26421205136e-26
5536183.0 0.0 -9.0 2.15679143258e-26
5610497.0 9.0 -9.0 -1.44208083947e-27
5827758.0 18.0 -9.0 -1.32448553366e-25
6172889.0 26.0 -9.0 -3.67674985787e-26
6105424.0 -27.0 0.0 -4.88428970365e-26
5756249.0 -18.0 0.0 7.03995433787e-26
5536183.0 -9.0 0.0 -8.88537266428e-26
5460857.0 0.0 0.0 -1.01336805888e-25
5536183.0 9.0 0.0 -1.43541832046e-25
5756249.0 18.0 0.0 1.37215247434e-26
6105424.0 27.0 0.0 3.58830121773e-26
6172889.0 -26.0 9.0 9.96729320859e-26
5827758.0 -18.0 9.0 5.22319815065e-25
5610497.0 -9.0 9.0 3.27189827838e-25
5536183.0 0.0 9.0 2.15276206227e-25
5610497.0 9.0 9.0 2.06351335855e-25
5827758.0 18.0 9.0 -4.55957802059e-25
6172889.0 26.0 9.0 -5.24931271458e-26
6037205.0 -18.0 18.0 -8.23007386196e-25
5827758.0 -9.0 18.0 -6.39931717905e-24
5756249.0 0.0 18.0 -6.36791426436e-25
5827758.0 9.0 18.0 -9.47402479799e-24
6037205.0 18.0 18.0 2.51574369259e-24
6172889.0 -8.0 27.0 -9.44864220311e-26
6105424.0 0.0 27.0 1.89157514339e-24
6172889.0 8.0 27.0 -2.75566635525e-25
